Seed: 1366960429
Fitness: 0.349078
Generations: 20
0.367771 0.683708 -0.17761 0.300703 -0.00393936 0.927433 -0.0487416 -0.622106 0.719592 0.228478 0.935501 -0.53346 0.862262 -0.522098 


Seed: 1366960638
Fitness: 0.486101
Generations: 24
0.884199 0.654455 -0.0571623 -0.676461 0.569054 0.842007 0.809197 -0.577707 0.578285 0.755737 0.266031 -0.530178 0.734297 -0.0782323 


Seed: 1366960863
Fitness: 0.288591
Generations: 23
0.674022 0.447558 -0.814001 -0.804017 0.303351 0.419775 -0.154383 -0.258742 0.870153 0.495768 0.380974 -0.114405 0.932624 0.311133 


Seed: 1366961078
Fitness: 0.486078
Generations: 21
0.956188 -0.476977 -0.115269 0.146728 0.616065 -0.379012 0.921323 0.490568 0.915411 0.00481969 0.81044 0.503327 0.855223 0.798564 


Seed: 1366961272
Fitness: 0.396489
Generations: 18
0.790284 -0.833895 -0.692583 0.0697117 0.541849 -0.811242 0.0226325 0.949026 0.836522 -0.794964 0.807663 0.294387 0.89047 -0.123259 


Seed: 1366961437
Fitness: 0.495053
Generations: 38
0.819331 0.745205 -0.774486 0.529638 0.469399 0.714444 -0.0512093 -0.619108 0.840194 0.625085 -0.688017 -0.63837 0.951431 -0.375353 


Seed: 1366961788
Fitness: 0.451729
Generations: 23
0.79526 0.475778 -0.334157 -0.120551 0.296834 0.45689 0.149056 -0.917245 0.442367 0.2952 0.829574 -0.834417 0.676295 -0.903128 


Seed: 1366961999
Fitness: 0.476225
Generations: 36
0.672964 -0.326152 -0.279215 0.386371 0.152277 -0.287583 0.170723 0.28927 0.935958 0.0966889 0.542254 0.497098 0.854442 0.823769 


Seed: 1366962331
Fitness: 0.288458
Generations: 30
0.785865 -0.813656 -0.381215 0.381742 0.499413 -0.589282 0.545139 0.22468 0.936339 -0.144449 -0.111123 0.0448057 0.881611 -0.0496438 


Seed: 1366962607
Fitness: 0.475626
Generations: 19
0.867388 -0.812322 -0.741727 0.460281 0.933704 -0.913951 0.652584 0.303762 0.598075 0.593291 0.86253 0.147185 0.57882 0.827356 


