Seed: 1366876374
Fitness: 0.450043
Generations: 21
-0.317695 0.52371 -0.816271 -0.75724 0.800848 0.71969 0.737329 -0.849048 0.589326 0.0266897 -0.39337 -0.41305 0.862262 -0.459878 


Seed: 1366876596
Fitness: 0.3432
Generations: 4
0.211508 -0.268494 -0.771658 -0.372569 -0.767512 -0.739135 0.882368 0.84305 0.285339 0.365647 -0.0466143 0.393934 -0.00209634 0.627127 


Seed: 1366876638
Fitness: 0.47382
Generations: 12
0.936738 -0.106769 -0.41118 -0.225311 0.450953 -0.0440208 0.50346 0.366956 0.836974 -0.515178 0.788134 0.334014 0.851561 0.100383 


Seed: 1366876753
Fitness: 0.319298
Generations: 15
0.526164 0.4112 -0.407044 0.185414 0.0982231 0.280802 0.313941 -0.517678 0.737309 0.191048 -0.917107 -0.540181 0.749135 -0.637862 


Seed: 1366876892
Fitness: 0.339792
Generations: 10
-0.10374 0.0776899 0.172443 -0.901845 -0.64908 0.180419 0.978097 0.566737 0.634629 0.22132 0.140743 -0.0357755 0.735435 0.0183618 


Seed: 1366876988
Fitness: 0.322355
Generations: 12
0.105362 0.212076 -0.400099 -0.273734 -0.0266999 0.879589 0.711443 -0.317756 0.750238 -0.296047 0.498911 0.566365 0.773969 0.74246 


Seed: 1366877104
Fitness: 0.378923
Generations: 10
-0.910827 -0.117954 -0.921687 -0.180558 -0.29362 -0.0685947 0.901305 -0.456918 0.894981 0.419574 -0.325966 -0.826197 0.932622 -0.97253 


Seed: 1366877204
Fitness: 0.484185
Generations: 20
0.657141 -0.0717043 0.590803 0.237328 -0.891679 -0.975998 0.767059 0.209319 0.595522 0.314527 0.930166 -0.601469 0.715436 -0.704645 


Seed: 1366877388
Fitness: 0.488328
Generations: 22
0.911507 -0.375925 -0.231626 0.716176 -0.63176 -0.506232 -0.321705 0.69459 0.899984 -0.124958 0.664313 -0.205816 0.942798 -0.561233 


Seed: 1366877594
Fitness: 0.366045
Generations: 14
0.220157 0.112099 -0.0347469 -0.231842 -0.351291 0.304551 0.63489 -0.297876 0.659861 -0.121154 -0.00916295 0.487432 0.671696 0.708767 


