Seed: 1366962781
Fitness: 2.12106
Generations: 50
-0.762445 0.916543 -0.467666 -0.377131 -0.40295 -0.331626 -0.660249 0.408794 0.787081 -0.78777 -0.380284 


Seed: 1366963277
Fitness: 2.35042
Generations: 50
0.901425 -0.944699 -0.969809 0.989096 -0.319431 0.751316 0.058057 -0.667757 -0.0358294 0.699334 0.538666 


Seed: 1366963773
Fitness: 2.16932
Generations: 50
0.287758 -0.80153 0.245299 0.537067 0.175055 0.857814 -0.716466 -0.244315 0.527846 0.919755 0.237808 


Seed: 1366964270
Fitness: 2.57604
Generations: 50
0.251905 -0.988548 -0.681054 -0.726703 -0.758718 0.46873 -0.553517 -0.573962 0.256636 0.721452 0.498189 


Seed: 1366964767
Fitness: 1.50236
Generations: 50
0.479926 -0.990207 -0.792772 -0.664979 -0.238265 -0.124446 -0.302557 -0.246605 0.323719 0.988568 0.666769 


Seed: 1366965264
Fitness: 1.99246
Generations: 50
0.770574 -0.668594 0.334398 -0.975558 0.746629 0.938933 0.475366 -0.404693 0.281961 0.951838 0.40913 


Seed: 1366965760
Fitness: 3.07419
Generations: 50
0.691326 -0.997702 0.946862 0.0163301 0.221818 0.273246 -0.284434 -0.812797 0.346888 0.767943 0.164071 


Seed: 1366966267
Fitness: 2.20671
Generations: 50
0.396134 0.954174 0.968807 0.284075 0.59336 -0.380449 0.361669 0.00650771 0.468528 -0.742388 -0.230673 


Seed: 1366966778
Fitness: 2.36577
Generations: 50
0.98529 0.946239 0.949467 -0.093592 -0.416483 -0.942538 -0.0803877 -0.903544 0.261504 -0.495273 -0.224856 


Seed: 1366967275
Fitness: 2.17002
Generations: 50
0.936244 0.973796 0.767359 0.993186 0.0785951 0.391203 0.368983 -0.28583 0.397596 -0.737265 -0.33082 


