Seed: 1366877728
Fitness: 0.380248
Generations: 18
-0.606003 0.974497 -0.762524 0.338043 0.1582 -0.958822 -0.539025 -0.382453 0.881167 -0.652979 -0.27916 


Seed: 1366877917
Fitness: 0.499629
Generations: 38
0.590447 0.688771 0.815574 0.632846 -0.0235901 -0.655604 0.663757 -0.164608 0.840725 -0.86162 -0.480655 


Seed: 1366878310
Fitness: 0.46879
Generations: 36
-0.344291 -0.973561 0.509338 0.736241 0.838487 0.935681 0.42712 -0.351111 0.900907 0.869144 0.199356 


Seed: 1366878681
Fitness: 0.510914
Generations: 50
-0.690442 0.981122 -0.297477 0.861205 0.464531 -0.600403 0.534173 -0.105393 0.945932 -0.636079 -0.300078 


Seed: 1366879204
Fitness: 0.712492
Generations: 50
-0.037679 -0.992085 0.421931 -0.541232 -0.0844662 0.973813 0.0517806 -0.652074 0.747499 0.575377 0.249791 


Seed: 1366879727
Fitness: 0.410503
Generations: 24
-0.779081 0.97077 0.310095 0.922731 -0.174014 -0.805227 0.245624 -0.882695 0.766368 -0.664131 -0.289825 


Seed: 1366879977
Fitness: 0.458506
Generations: 34
0.135604 0.739063 0.672541 0.518317 -0.380172 -0.962714 -0.179332 -0.717591 0.717631 -0.728821 -0.305176 


Seed: 1366880337
Fitness: 0.342876
Generations: 24
-0.742306 0.888532 0.132317 -0.254258 -0.0267703 -0.967868 -0.477151 -0.995026 0.808715 -0.839336 -0.237147 


Seed: 1366880586
Fitness: 0.490682
Generations: 24
0.516051 0.984892 0.582221 -0.730054 0.801815 -0.922664 0.80567 -0.370739 0.791015 -0.683647 -0.270811 


Seed: 1366880837
Fitness: 0.433948
Generations: 23
0.58253 0.960548 0.789054 -0.0875345 -0.330235 -0.819071 0.357113 -0.481066 0.755021 -0.6924 -0.405731 


