Seed: 1366881082
Fitness: 0.423779
Generations: 11
0.906165 -0.520493 0.208922 -0.950212 -0.31224 0.497007 -0.31025 0.0643631 0.752476 0.176994 -0.340325 0.0108834 0.205088 0.200481 -0.421636 -0.46089 0.512735 0.974741 -0.417983 0.344477 


Seed: 1366881210
Fitness: 0.47789
Generations: 28
0.0711764 -0.97547 0.267716 0.864439 0.662659 0.992216 0.106612 0.293195 -0.912007 0.197944 0.595853 0.37127 0.585768 -0.81339 -0.290257 -0.849251 0.760983 0.201719 0.826526 0.233649 


Seed: 1366881530
Fitness: 0.389786
Generations: 17
0.0555043 -0.990218 0.0105894 0.545105 -0.370633 0.185898 0.34631 -0.92296 0.981356 -0.30036 0.998827 0.753892 -0.420066 0.494814 -0.960012 -0.767869 0.211154 0.131081 -0.778728 -0.182176 


Seed: 1366881726
Fitness: 0.454328
Generations: 11
-0.759589 0.800141 0.201936 -0.205376 -0.0140321 -0.420122 0.682872 -0.736891 -0.299654 -0.272671 0.94345 -0.628773 -0.610705 0.845455 -0.042045 -0.476043 0.745847 -0.882451 -0.0583725 -0.498192 


Seed: 1366881856
Fitness: 0.452406
Generations: 15
-0.792195 0.270175 -0.631677 0.270823 0.577142 0.823544 -0.949315 0.334936 0.949936 -0.502255 -0.872649 -0.0248811 -0.395332 0.596265 0.824979 -0.568509 0.765311 -0.699732 -0.977674 -0.882837 


Seed: 1366882033
Fitness: 0.355071
Generations: 14
-0.597394 -0.658648 -0.321131 -0.0644124 -0.70312 -0.337717 0.228346 -0.141036 0.897156 0.203988 0.124952 0.56052 -0.72998 0.0323777 -0.872006 -0.18345 0.479078 0.538529 -0.711926 0.181697 


Seed: 1366882193
Fitness: 0.337275
Generations: 20
0.540711 0.870424 0.0747824 0.639193 0.0885235 -0.791846 0.527809 -0.186046 -0.622382 0.0960062 0.699383 -0.106848 0.684379 -0.280798 -0.0674051 -0.531589 0.813588 -0.596996 0.447534 -0.20724 


Seed: 1366882420
Fitness: 0.487366
Generations: 13
-0.241418 0.91195 -0.262388 -0.183084 0.720832 -0.310186 0.640415 -0.672718 -0.489208 -0.777833 0.00502255 0.680565 -0.0642043 -0.472684 -0.289207 -0.900436 0.614274 -0.763303 0.0343575 -0.344794 


Seed: 1366882565
Fitness: 0.478253
Generations: 16
-0.806285 -0.978538 -0.327222 -0.517399 -0.253155 -0.191395 0.937396 -0.875619 -0.592987 -0.191576 -0.570076 0.687408 0.772838 0.312827 -0.475385 -0.74686 0.532622 0.552033 0.471983 0.553421 


Seed: 1366882745
Fitness: 0.449569
Generations: 21
0.596301 0.0281969 0.930254 0.847614 0.298733 0.319758 0.301976 0.330394 0.967827 0.966254 0.278677 0.283436 -0.490924 0.890912 -0.640532 -0.736311 0.322945 -0.202357 -0.874388 -0.46257 


