Seed: 1366967772
Fitness: 1.74287
Generations: 50
-0.461281 0.99509 -0.934353 0.545885 -0.662434 -0.548801 -0.689009 -0.817549 -0.955835 0.16226 0.175447 0.705117 0.4131 0.156329 0.194592 0.75786 0.901942 -0.941638 -0.137612 -0.648238 


Seed: 1366968334
Fitness: 1.36335
Generations: 50
0.893115 -0.939491 0.820802 0.337248 -0.32383 0.284608 0.152796 -0.850686 -0.760467 0.676135 0.150287 -0.538727 0.766428 -0.498246 -0.560951 0.604373 0.392703 0.467379 0.359739 0.30981 


Seed: 1366968888
Fitness: 1.15745
Generations: 50
0.728438 0.911053 0.37122 -0.14288 -0.0168159 -0.827548 0.889183 0.88173 -0.54337 0.61123 0.42521 -0.699733 0.169234 -0.815534 0.000374982 -0.849881 0.189316 -0.605854 0.446688 -0.254367 


Seed: 1366969443
Fitness: 2.03295
Generations: 50
-0.5738 -0.900332 0.783048 0.400633 0.368494 0.939077 0.472423 0.00507658 0.91074 0.674991 0.237322 0.730522 -0.956488 0.752396 -0.0655514 -0.269733 0.430994 0.0905049 -0.557311 -0.172518 


Seed: 1366969997
Fitness: 1.26773
Generations: 50
-0.97962 -0.556166 -0.530486 0.0159937 -0.578689 -0.609248 -0.431227 0.572161 -0.607452 0.412243 0.801261 0.529883 0.804941 0.565625 0.892049 -0.472613 0.77377 0.648327 0.84993 0.777112 


Seed: 1366970552
Fitness: 2.00313
Generations: 50
0.775994 0.916362 0.434194 0.868403 0.792201 -0.516609 0.341166 0.803058 -0.497208 -0.363467 -0.839174 0.342808 -0.758657 -0.350121 -0.415245 -0.565993 0.0291691 -0.730169 -0.00791112 -0.287709 


Seed: 1366971107
Fitness: 2.17
Generations: 50
0.944949 0.922762 -0.580459 -0.908788 0.369526 0.079946 -0.128632 -0.948612 0.0886582 0.0164145 -0.729147 0.837654 -0.577032 0.893434 -0.871032 0.49147 0.279495 -0.598012 0.192677 -0.251378 


Seed: 1366971672
Fitness: 1.51881
Generations: 50
-0.34054 -0.717148 0.327348 0.433478 0.536516 0.504071 0.022356 -0.646678 0.469362 -0.0536624 -0.336193 0.466042 -0.722225 -0.00549053 -0.0609312 0.446992 0.698542 0.55113 -0.709768 -0.102581 


Seed: 1366972227
Fitness: 1.54985
Generations: 50
-0.57084 -0.945313 0.673484 -0.263914 0.0993613 0.386323 -0.126534 -0.277906 0.91467 0.892951 -0.301146 0.462755 -0.735567 -0.826293 0.394658 -0.845206 0.579074 0.793125 -0.458974 0.169342 


Seed: 1366972782
Fitness: 1.89611
Generations: 50
-0.947854 -0.166805 -0.295668 -0.321393 -0.670383 -0.858951 0.58081 0.168419 -0.890236 0.70542 0.198314 0.807802 0.76552 0.650529 0.444313 -0.37988 0.645369 -0.191667 0.928396 0.177652 


