Seed: 1366882985
Fitness: 0.211129
Generations: 13
-0.994212 0.64387 -0.595384 0.770309 -0.211565 0.753023 -0.716662 0.820523 0.674323 0.0662922 0.405687 -0.315321 -0.330928 -0.693628 -0.635097 -0.281654 -0.569444 0.0651718 0.896372 0.510532 -0.685393 0.310413 -0.43209 -0.265043 0.799911 -0.200767 -0.939256 0.307031 -0.509526 


Seed: 1366883145
Fitness: 0.381751
Generations: 16
0.666664 -0.829805 -0.468299 -0.885061 0.389514 -0.437313 -0.95582 0.553836 0.24209 0.496364 0.0156243 0.207551 -0.191874 -0.275488 -0.714508 -0.158869 0.177534 -0.320049 0.486645 0.266465 -0.715228 0.143583 -0.459905 0.334032 0.889896 0.907958 -0.923987 0.126664 0.0287551 


Seed: 1366883339
Fitness: 0.363972
Generations: 10
-0.74568 -0.514171 -0.261804 0.526323 0.302496 -0.101825 -0.627693 0.458135 -0.35878 0.858552 0.36932 0.885174 0.637463 0.291249 0.741391 -0.763156 0.409685 0.677157 0.507466 0.895162 0.613837 -0.360784 0.823201 -0.888942 0.561212 0.320324 0.958217 0.510573 0.575526 


Seed: 1366883458
Fitness: 0.466518
Generations: 19
0.341756 -0.97058 -0.138448 0.434255 0.676363 -0.151479 0.351796 0.12867 -0.681152 0.99104 0.689253 0.189979 -0.49996 -0.587568 -0.198885 0.333692 -0.73185 -0.879906 0.118507 -0.556307 0.608762 0.380507 -0.963992 -0.794348 0.589974 0.752496 0.832119 -0.00663964 0.443049 


Seed: 1366883680
Fitness: 0.471838
Generations: 5
0.973843 0.851121 0.484213 -0.485475 -0.325103 0.564273 0.792177 -0.370279 -0.821999 0.883288 0.561043 0.31515 0.847104 0.790377 0.0766515 0.396284 -0.727511 0.939866 -0.200247 0.497584 0.777919 -0.851314 -0.156977 -0.620198 -0.243282 -0.931721 0.399444 -0.254713 -0.810065 


Seed: 1366883743
Fitness: 0.358542
Generations: 22
-0.140667 -0.691389 0.295383 -0.770355 0.0915295 -0.31696 0.219169 -0.275939 0.43768 0.46113 -0.929617 -0.0570854 -0.107794 0.384374 0.827545 -0.421068 -0.470706 -0.297885 -0.688035 0.485791 0.00728629 0.0903433 -0.720993 -0.402874 0.363331 0.859818 -0.558086 -0.0317074 0.0944669 


Seed: 1366884000
Fitness: 0.226036
Generations: 3
-0.772855 0.156063 -0.548291 0.35847 0.942223 0.0774256 0.881979 0.855766 -0.753733 0.435443 0.895725 0.323278 0.641566 0.159881 -0.758164 0.0698882 -0.181445 -0.501215 0.621209 -0.142257 -0.784738 -0.933327 -0.615752 -0.594597 0.0927581 -0.357887 0.916697 -0.964001 0.11886 


Seed: 1366884043
Fitness: 0.394595
Generations: 28
0.0471954 0.695174 -0.72839 0.528045 0.559977 -0.77747 0.236733 -0.932535 -0.528398 0.224021 0.626521 0.895352 -0.693909 0.953772 0.198084 0.100576 0.0363648 0.649358 -0.347913 -0.768112 0.583456 -0.986409 -0.971339 -0.646937 -0.267905 -0.896975 0.725633 0.193362 -0.14176 


Seed: 1366884371
Fitness: 0.356482
Generations: 30
0.553889 -0.91171 -0.247169 -0.823727 -0.920989 0.883063 -0.0635781 0.1483 -0.912508 -0.71008 0.832443 0.619546 -0.547587 -0.403655 0.961587 0.976897 0.147139 -0.787189 0.408576 -0.650701 -0.881905 -0.455516 -0.156148 -0.0253203 0.611053 0.34823 -0.0972317 -0.709435 0.0346398 


Seed: 1366884720
Fitness: 0.214782
Generations: 21
-0.493136 -0.299519 -0.115946 -0.957331 -0.650199 -0.722281 -0.67921 0.340771 0.314973 0.650963 0.5015 0.303485 0.709657 0.0592706 0.432788 0.817421 0.165905 0.452222 0.254826 -0.822122 -0.463936 -0.128503 -0.504638 0.107959 0.810579 0.485318 -0.712265 -0.861817 -0.264253 


