Seed: 1367216540
Fitness: 1.15113
Generations: 50
-0.836052 -0.06088 0.695254 0.326059 0.346504 0.670658 -0.702134 -0.708134 0.360498 -0.584418 0.251194 -0.71776 -0.945806 -0.365406 0.164449 0.602096 -0.28252 -0.31472 0.880374 0.510118 0.330378 0.921608 0.855713 -0.529098 0.931491 0.360817 -0.728774 -0.94603 -0.872714 


Seed: 1367217175
Fitness: 1.11693
Generations: 50
0.942669 -0.177453 0.244203 0.573994 -0.0653573 0.775685 0.213492 -0.765903 -0.82817 0.901749 0.229956 -0.643143 -0.372517 0.386486 -0.014306 0.78712 -0.749162 -0.543469 0.898415 0.364506 0.380786 -0.739434 0.513157 -0.132987 0.255862 0.111187 0.901071 -0.518369 0.233068 


Seed: 1367217771
Fitness: 1.41532
Generations: 50
-0.562033 0.914606 0.840682 -0.462127 0.3084 0.910896 -0.550479 -0.865502 0.633946 0.611084 -0.948904 0.746047 -0.408385 -0.0609342 -0.824299 -0.627715 0.61801 -0.532673 0.687704 -0.390531 0.631092 0.24799 0.315021 0.985239 0.916031 -0.563274 -0.710044 0.826104 0.07411 


Seed: 1367218365
Fitness: 1.16897
Generations: 50
0.342769 0.230338 -0.264338 0.894069 -0.399654 0.217778 0.449213 -0.839176 -0.255894 -0.324391 0.263877 -0.00466494 -0.71677 0.838389 0.956176 -0.853409 -0.416209 -0.41373 0.958261 0.62765 0.145177 -0.973214 0.786464 -0.0805821 0.28095 -0.171487 0.431886 0.950572 0.657223 


Seed: 1367218956
Fitness: 1.18806
Generations: 50
-0.702129 -0.534766 0.529925 -0.171155 -0.0276596 -0.972939 -0.00731174 -0.131905 0.752823 -0.590822 0.3191 0.682547 0.315706 0.0555716 0.678576 -0.529192 0.873583 0.384796 0.846326 0.573892 0.384798 0.978415 0.0101085 -0.684934 0.592994 0.186735 -0.485113 0.746856 0.0045381 


Seed: 1367219547
Fitness: 0.878581
Generations: 50
-0.82571 0.677395 0.225894 -0.214391 -0.3188 0.996484 -0.631246 0.438715 0.947017 0.0646758 -0.0296868 -0.19104 0.376582 0.213689 -0.844178 -0.202179 -0.116706 0.426702 -0.449956 0.128482 0.692248 0.513654 -0.536001 0.533469 0.735182 -0.326675 -0.815065 0.133215 -0.491695 


Seed: 1367220137
Fitness: 1.52781
Generations: 50
-0.41373 -0.807252 0.0347988 0.0732395 0.299166 -0.264195 0.206171 0.880441 -0.591264 0.608276 -0.687012 -0.341921 0.519751 -0.406321 0.277028 0.460302 -0.93883 0.727319 -0.999577 -0.684661 0.370216 0.167004 -0.83404 -0.79333 -0.45814 0.534835 0.660069 0.0129421 0.496062 


Seed: 1367220728
Fitness: 1.45761
Generations: 50
-0.591935 0.469293 0.554976 0.0568048 -0.602985 -0.484904 -0.492711 0.327363 0.137687 0.881978 0.935008 0.751723 -0.699417 -0.819185 0.0858847 0.956915 -0.398828 0.453356 0.56941 -0.252773 -0.35933 0.888916 -0.309778 -0.406089 0.652613 0.0997158 -0.589536 -0.911019 -0.369353 


Seed: 1367221319
Fitness: 2.13606
Generations: 50
0.0901008 0.400932 0.270673 -0.0621413 0.918777 -0.909799 0.366933 -0.102603 -0.917012 -0.25725 -0.508826 0.330054 -0.383328 -0.778295 0.266273 0.803342 0.48367 0.872783 0.750202 -0.528227 -0.127673 0.134463 -0.0138446 0.136035 0.717424 -0.517919 0.885954 0.0345617 0.0937439 


Seed: 1367221910
Fitness: 1.06357
Generations: 50
0.783054 0.858605 -0.964384 -0.124537 0.435071 0.595209 -0.885581 -0.754053 -0.348333 -0.711763 -0.556384 -0.804764 -0.950393 -0.21267 0.775847 -0.655877 0.129602 0.792798 0.00749216 -0.0894004 -0.560911 -0.712941 0.841976 -0.335919 0.65427 -0.686754 0.369984 0.75806 0.242258 


