Seed: 1367222501
Fitness: 1.05345
Generations: 50
0.0339284 -0.946432 0.595651 -0.782514 -0.408986 -0.891215 0.286369 0.775525 0.204463 0.425483 0.553943 0.608313 0.566202 -0.420205 -0.66992 0.386761 -0.959029 0.324937 -0.373209 0.348651 -0.245014 -0.0493318 -0.863163 -0.312726 -0.37675 0.388053 -0.775335 -0.0725301 0.0280159 -0.961326 0.275664 -0.551238 0.165252 0.874024 0.156344 -0.995388 0.0612798 -0.205386 


Seed: 1367223186
Fitness: 1.93398
Generations: 50
-0.732699 0.801653 -0.166108 -0.21845 -0.540777 0.534062 0.313512 0.629208 0.110211 0.463186 -0.0852146 0.569859 0.606316 0.318328 -0.552336 -0.691663 -0.218706 0.247505 0.473473 -0.77557 0.245427 0.268641 0.833977 -0.211765 -0.804945 -0.684851 -0.831138 0.680667 0.395217 -0.837655 0.288306 -0.486504 0.119138 -0.852404 0.375207 0.795009 0.172669 0.149701 


Seed: 1367223872
Fitness: 1.64895
Generations: 50
-0.951221 -0.503971 -0.0651392 -0.0162177 -0.845994 0.607288 0.984837 -0.300526 -0.259586 -0.369426 0.0408919 0.878901 0.708401 -0.524891 0.755493 -0.814378 -0.245599 0.511618 -0.30664 -0.99553 -0.599182 0.704638 0.5953 0.228705 -0.866341 0.987045 -0.420427 -0.0413565 -0.170874 0.0725959 -0.466682 0.0316079 0.126866 -0.275793 0.439611 0.37573 -0.94599 -0.194607 


Seed: 1367224557
Fitness: 1.13944
Generations: 50
0.102494 0.608506 0.56728 -0.928457 0.489471 0.897156 0.791177 -0.947465 0.993563 0.0490677 -0.264586 0.550395 0.394233 0.270586 -0.398476 0.820351 0.626047 0.822997 0.526337 0.977569 -0.896169 0.826025 0.972131 0.626899 -0.940475 -0.462197 -0.457095 0.323043 -0.210122 0.845311 -0.804955 -0.679302 0.249956 -0.205936 -0.104132 -0.607412 -0.610015 -0.532622 


Seed: 1367225242
Fitness: 1.05293
Generations: 50
-0.868925 -0.00388193 0.744761 0.0262645 0.857769 0.430707 -0.286633 0.821863 0.853157 0.580231 -0.966399 0.480376 0.424659 0.174978 0.68 -0.79927 -0.685436 0.795148 0.648072 -0.28845 -0.869097 -0.380175 0.405233 0.195226 0.60972 -0.66227 0.991994 -0.997158 0.710922 -0.748587 0.0466023 0.263008 0.406282 -0.334041 -0.992979 0.759679 -0.691048 -0.36591 


Seed: 1367225929
Fitness: 1.69027
Generations: 50
-0.276444 0.928212 0.398577 0.361115 0.462216 -0.422905 -0.426913 0.216634 0.0951376 -0.615468 -0.294935 0.335617 0.772363 0.915537 0.393553 -0.618125 0.998333 0.588573 0.746239 -0.879555 0.558023 0.959377 0.946571 0.799568 0.578218 0.98136 0.439256 -0.101533 0.368392 -0.9506 -0.606499 -0.886982 -0.521653 -0.811712 -0.66613 -0.148193 -0.86566 -0.91004 


Seed: 1367226614
Fitness: 1.37563
Generations: 50
0.872761 -0.862791 0.160877 -0.460238 -0.151046 0.439442 -0.117226 -0.762876 -0.312175 0.0778655 0.338371 0.431213 -0.345433 -0.834237 0.743745 0.914347 0.764486 -0.513433 -0.0449159 0.602128 -0.448301 0.238142 -0.780309 0.541925 -0.802144 0.119832 -0.784729 0.65478 -0.189584 0.722609 -0.852048 -0.207444 0.22078 0.235559 -0.463435 -0.84023 0.972196 0.289515 


Seed: 1367227300
Fitness: 1.38866
Generations: 50
-0.560617 -0.910517 0.531327 -0.26897 0.972433 -0.0975756 -0.107086 -0.761554 0.703761 -0.86813 -0.482353 -0.443141 -0.541169 -0.416893 0.0509577 0.496009 0.626636 -0.933327 0.989334 0.825487 0.388189 -0.369521 0.701571 0.926921 0.321676 -0.908455 -0.075821 -0.619306 0.505928 0.654041 -0.399439 -0.0215814 0.922983 0.634985 0.036677 -0.747052 -0.951863 -0.381589 


Seed: 1367227985
Fitness: 0.894963
Generations: 50
0.774649 0.619734 0.602027 -0.649683 0.673702 0.843509 0.817479 0.93779 0.742105 0.0933846 -0.486242 0.440767 -0.626736 0.123395 -0.621212 0.99098 0.941481 -0.745854 0.298395 0.541363 -0.222536 0.914967 0.206439 0.653898 -0.802871 0.0922091 0.216646 0.163991 -0.674665 -0.562871 0.869325 -0.179362 -0.01135 -0.374444 -0.733578 -0.51309 0.484939 -0.396462 


Seed: 1367228671
Fitness: 0.553056
Generations: 50
0.669749 0.847181 0.491689 0.924609 -0.579891 0.944942 -0.411497 0.793265 -0.880757 -0.739497 -0.339332 0.860761 -0.00197238 -0.579315 0.677356 -0.876669 0.611352 -0.928832 -0.0559833 -0.519483 0.153932 0.449782 0.826892 0.398664 0.992355 -0.351886 0.613223 -0.62802 -0.982816 -0.323545 -0.457387 -0.25762 -0.381398 -0.278966 0.199873 0.796449 -0.230908 0.212043 


