Seed: 1366884979
Fitness: 0.48653
Generations: 23
-0.727862 -0.275696 0.847625 -0.184864 -0.285763 -0.401107 0.0621172 -0.764108 0.607243 0.179966 -0.53181 0.391834 -0.00726263 0.322054 0.161769 0.795543 -0.710859 0.731608 -0.369954 -0.282995 0.452737 0.970862 0.50826 0.535925 -0.691756 0.190774 -0.762613 0.346297 -0.85872 -0.0541806 0.4987 -0.93013 0.633889 -0.0708552 -0.432101 -0.27435 -0.757059 -0.77689 


Seed: 1366885296
Fitness: 0.481945
Generations: 15
-0.902626 0.219379 0.908984 -0.433276 -0.188095 -0.299291 0.73935 0.338562 0.0884473 0.450907 0.771118 -0.157197 -0.803258 -0.742986 -0.796955 0.779082 -0.436645 0.585057 0.273719 -0.837575 0.135629 -0.0458414 -0.343661 0.023121 0.662113 -0.154023 0.293382 -0.648953 -0.580478 -0.411026 0.210433 -0.319076 0.759096 0.303457 0.633265 -0.904039 0.393083 0.0552365 


Seed: 1366885508
Fitness: 0.445292
Generations: 37
0.84179 -0.874493 -0.822976 -0.7339 -0.404085 -0.246492 -0.940874 -0.604393 0.0383611 0.378287 0.733205 -0.477732 0.0919868 -0.545485 -0.892329 -0.863996 0.9204 0.953688 0.812551 -0.995531 -0.892649 0.45095 0.728339 -0.0916392 0.356757 0.401691 0.371725 0.426839 -0.434468 -0.935717 -0.203967 -0.0646476 0.414841 0.394149 0.736013 0.171348 -0.765691 0.140416 


Seed: 1366886013
Fitness: 0.412134
Generations: 32
0.44441 -0.559648 -0.326408 -0.20723 -0.78768 -0.463901 -0.173008 -0.48653 0.265378 -0.263515 0.458301 0.0507455 0.686248 -0.616064 -0.440454 0.729072 0.301328 -0.63567 -0.302366 -0.569267 0.539694 -0.652528 -0.593506 -0.703501 -0.858523 0.432263 -0.513112 0.30245 -0.606951 -0.85333 0.249923 -0.680336 0.143636 0.617291 0.0434689 -0.630685 0.580959 0.437321 


Seed: 1366886448
Fitness: 0.497964
Generations: 15
0.555884 -0.405107 -0.0419731 -0.957656 0.786753 0.169149 0.0365258 -0.786139 0.166003 -0.372616 -0.645212 0.374984 -0.4603 -0.616324 0.050519 0.645293 0.129084 -0.114758 -0.506178 -0.638125 0.985134 -0.496715 0.795751 0.060655 0.386936 0.787852 -0.721219 0.150312 -0.847683 0.757688 -0.134017 0.399032 0.859175 0.74765 0.971875 -0.411109 -0.855135 -0.0319487 


Seed: 1366886656
Fitness: 0.370789
Generations: 18
-0.0226587 0.972641 -0.3414 -0.7953 0.186636 -0.762412 -0.0281124 -0.00186617 0.537992 0.896851 0.979246 0.11575 0.916448 -0.732491 0.740544 0.935109 0.78052 -0.223776 0.163935 0.689949 0.524488 0.122516 0.406265 0.692628 0.803763 0.61852 0.513534 -0.575711 -0.950862 -0.588517 0.920401 0.00921654 0.955482 -0.474829 -0.170453 -0.705291 -0.386694 -0.638335 


Seed: 1366886908
Fitness: 0.446115
Generations: 19
0.590666 0.597624 0.317166 0.812831 0.663508 0.551033 -0.389404 0.509947 -0.626832 0.131409 -0.85839 0.0623622 -0.822863 -0.366751 0.979295 -0.607438 -0.650868 -0.573652 -0.0925565 0.116555 0.493695 -0.296394 -0.916674 0.924247 -0.622291 -0.666407 0.536506 0.247243 0.0477441 0.350908 -0.990075 -0.782147 0.30185 0.168909 0.927433 0.280266 0.580562 0.970137 


Seed: 1366887168
Fitness: 0.444919
Generations: 20
0.227401 -0.719337 0.0775518 0.844391 0.0569362 0.266521 0.560316 -0.871463 0.297808 0.7923 0.128441 0.53504 -0.134358 -0.613239 0.734869 0.451904 -0.231809 -0.351579 -0.837242 -0.917067 -0.268317 -0.438019 0.239819 -0.417555 -0.40808 0.0968483 0.561378 0.777393 0.36023 -0.360162 -0.650613 0.227284 0.882604 0.72489 0.209397 -0.414793 -0.262631 -0.0393581 


Seed: 1366887441
Fitness: 0.440063
Generations: 13
-0.985959 -0.3669 0.491716 -0.400924 0.0717331 0.00470415 -0.314832 0.0986275 0.888901 -0.318108 -0.529219 0.623875 0.548391 -0.571444 0.273528 0.0380841 -0.424828 -0.266423 -0.179839 -0.588174 -0.848803 0.694516 0.858618 0.585132 0.587528 0.843631 0.808381 0.860024 0.908257 0.762207 -0.982234 -0.686462 0.559667 0.739412 -0.88832 -0.390932 -0.554515 -0.485926 


Seed: 1366887619
Fitness: 0.415712
Generations: 21
-0.15138 -0.336909 0.937184 -0.00444125 0.685708 0.911403 -0.604267 0.430895 0.999096 0.466152 -0.033739 0.423212 0.0670184 0.307564 0.486435 -0.680288 -0.700648 0.999187 -0.872877 0.563028 -0.316282 0.842998 0.864772 0.623342 -0.376763 -0.688048 -0.533008 -0.828215 -0.705867 -0.999646 -0.991287 -0.980337 -0.62374 0.67498 -0.525773 0.0576528 -0.327639 -0.256438 


