Seed: 1366887909
Fitness: 0.429829
Generations: 15
-0.915197 0.839142 -0.869796 -0.439252 -0.182649 0.695978 0.729806 -0.919987 0.906025 0.901055 -0.0345378 0.479523 -0.457393 0.319831 -0.920329 0.654506 -0.997394 -0.880909 0.599262 -0.962425 0.902176 -0.880761 -0.343573 -0.0974618 0.588331 -0.477131 0.581852 0.134663 -0.955129 0.0304858 -0.860829 0.305043 0.691939 0.281525 0.847242 0.0197236 -0.100595 -0.917136 -0.767744 0.495106 0.3775 -0.31058 0.277189 -0.862746 0.592172 -0.31277 -0.585993 


Seed: 1366888136
Fitness: 0.397728
Generations: 12
-0.0384715 0.860168 -0.431186 -0.258435 -0.763481 -0.243227 -0.814749 -0.986325 0.120226 0.482395 0.371031 0.586393 0.885817 -0.134464 0.0379982 0.934066 -0.827926 -0.90549 -0.131869 0.154072 -0.0584831 -0.805388 -0.41781 -0.574119 0.463628 0.732868 0.283401 -0.468909 0.651458 0.309346 0.801716 -0.192009 -0.165524 -0.826699 0.93824 -0.00106862 -0.255882 -0.291434 0.459037 -0.937967 0.2605 -0.588906 -0.953696 -0.678403 0.58669 0.358435 -0.633257 


Seed: 1366888317
Fitness: 0.42396
Generations: 29
0.0126795 -0.693468 -0.599024 -0.0154538 0.453594 0.006495 -0.900527 -0.13032 -0.815696 0.924515 0.683832 -0.548178 0.557002 -0.424222 -0.800092 0.834002 0.885989 0.0915586 -0.633868 0.777387 -0.150955 0.73951 0.948718 0.705673 -0.487856 0.0468274 -0.877485 -0.672169 0.497185 -0.27562 0.978188 0.243065 -0.587096 -0.903319 -0.785503 -0.409612 -0.866214 -0.0167908 -0.733156 0.440409 0.613216 -0.0733775 0.310441 -0.0468032 -0.642965 -0.0519031 -0.129705 


Seed: 1366888738
Fitness: 0.457424
Generations: 30
0.684077 0.249024 -0.213119 0.0268836 0.909532 0.675808 -0.096983 -0.60096 0.488863 -0.393452 -0.443186 0.695853 -0.487796 -0.829003 -0.455402 0.650858 -0.613173 -0.63845 0.589182 0.233486 -0.244043 0.538114 -0.586093 0.316443 0.275946 -0.83021 -0.0782344 -0.726191 0.622951 0.315276 -0.225193 -0.272503 0.563594 0.775303 -0.917574 -0.453584 0.170488 -0.530875 -0.361976 -0.209527 0.366804 -0.332061 -0.4518 -0.964767 0.204049 -0.485929 -0.512775 


Seed: 1366889180
Fitness: 0.426512
Generations: 22
-0.317659 -0.0722526 0.356104 0.680624 -0.307264 -0.022063 0.817876 -0.845818 -0.351107 0.54993 0.772373 0.497194 0.237964 0.187798 -0.680051 0.860975 0.917946 -0.253827 -0.793785 0.0845772 0.916613 -0.124568 0.728261 -0.488475 0.211585 0.655171 -0.134043 -0.539179 -0.204798 -0.547393 -0.210109 0.754216 -0.201946 -0.608543 0.103897 -0.971759 0.87546 -0.223913 0.389695 0.573529 0.994744 -0.135243 -0.275401 -0.875606 -0.676349 0.544253 -0.587309 


Seed: 1366889499
Fitness: 0.415863
Generations: 34
-0.792836 0.810927 -0.392841 0.117609 0.980124 -0.705045 -0.171089 0.346478 0.596908 0.389358 0.694819 -0.365115 -0.113623 0.119425 -0.981113 -0.335258 0.722644 -0.987344 -0.297217 -0.755717 0.983605 0.117165 0.215651 -0.296786 0.381638 0.00879605 0.327105 -0.932479 -0.852973 0.691267 0.548419 -0.983684 -0.897818 0.78183 -0.934959 -0.954546 -0.0290535 -0.149664 -0.458953 0.462107 0.617243 -0.561026 -0.557241 0.324601 -0.661919 -0.329463 -0.62178 


Seed: 1366889996
Fitness: 0.427286
Generations: 22
0.845127 -0.220614 -0.764751 0.454681 -0.655398 0.476846 -0.802892 0.111157 0.917618 0.863377 0.970694 -0.0159507 -0.579892 -0.631513 -0.346288 0.583273 0.417144 0.129372 0.635929 -0.66019 -0.803859 0.498585 -0.284742 -0.349054 -0.577691 -0.285484 0.313686 -0.559591 -0.255431 -0.808903 -0.343975 -0.061581 0.456592 -0.113354 -0.611919 -0.192578 -0.26652 -0.31558 -0.738459 0.406944 0.478566 0.452881 -0.987619 0.971394 -0.255325 0.655081 0.284059 


Seed: 1366890325
Fitness: 0.390563
Generations: 20
0.59322 -0.577238 0.827021 -0.85089 0.784175 0.362717 0.203627 -0.842185 0.656523 0.886425 0.802832 0.618656 0.251527 -0.53314 0.00909123 -0.377909 0.60483 -0.0196279 0.0794273 0.969839 -0.329922 -0.594113 -0.716077 0.564886 0.173366 -0.125246 -0.915095 -0.0775431 0.143234 -0.197173 0.534492 0.328997 0.62647 0.129201 -0.943711 -0.279119 0.285977 -0.744501 -0.0963686 -0.321296 0.733868 0.103818 -0.484422 0.75037 0.848436 0.637363 0.53963 


Seed: 1366890618
Fitness: 0.5006
Generations: 50
-0.740048 0.232341 -0.282816 -0.816971 0.182455 0.893733 0.754443 -0.286716 0.316054 0.691663 -0.689199 -0.272027 0.496724 0.956915 -0.330014 -0.834664 0.231606 -0.59848 0.900544 0.348063 0.488723 -0.96196 -0.184056 0.667992 -0.548532 -0.175034 -0.749834 -0.422102 -0.0612122 -0.92255 -0.603933 -0.348963 -0.0972825 -0.423456 0.862437 0.222282 0.41297 -0.828081 -0.944986 -0.750618 0.345812 0.110793 -0.505311 0.910901 0.442745 0.516018 0.508745 


Seed: 1366891349
Fitness: 0.433557
Generations: 16
-0.433458 0.242232 0.684605 -0.857354 -0.059038 0.322274 -0.353887 0.645596 -0.743393 -0.965666 -0.430959 0.289626 -0.501647 0.01783 0.22387 0.699334 -0.118731 -0.00664125 -0.832168 0.686533 -0.575242 -0.028892 -0.152508 0.389328 0.892627 0.393884 -0.208385 -0.509166 -0.448627 -0.412673 0.168129 0.134632 -0.907969 -0.836623 0.465226 -0.93216 -0.0511208 -0.851103 -0.246455 -0.27745 0.0825208 -0.26406 0.701589 -0.733726 0.49781 0.78249 0.629064 


