Seed: 1367229356
Fitness: 1.26654
Generations: 50
-0.229747 0.7215 -0.112088 0.92838 -0.821284 0.553268 -0.498487 -0.938875 0.843994 -0.964602 -0.720573 0.680883 0.762956 0.222786 -0.679385 0.513896 -0.0871786 0.946795 -0.313885 0.941303 0.167742 0.891123 0.790448 0.943148 -0.660207 0.45152 -0.37416 0.637254 0.643868 0.284059 0.62363 0.71852 0.949705 -0.609321 0.415929 -0.262664 0.948637 0.496491 -0.261739 -0.977165 0.827376 -0.892303 -0.267617 -0.323999 0.449843 -0.781773 -0.954672 


Seed: 1367230070
Fitness: 1.35428
Generations: 50
-0.528872 0.323401 -0.359664 0.607931 0.422654 -0.777828 -0.892161 -0.255503 -0.627653 0.20564 -0.806286 -0.81317 0.0699366 -0.723007 0.334522 0.946965 0.938308 -0.753737 0.00241669 0.614329 0.979481 0.623778 -0.668131 0.061859 -0.211892 -0.273424 0.721531 0.298435 -0.340868 -0.220488 0.896487 0.652632 0.583369 -0.785578 -0.529691 0.517214 -0.054007 -0.402798 -0.286667 0.004857 0.233898 -0.367907 0.816724 -0.674477 -0.366203 -0.702938 -0.419724 


Seed: 1367230780
Fitness: 0.358374
Generations: 36
-0.693445 0.794792 -0.412775 -0.919418 0.510054 0.13925 -0.175363 0.212192 -0.566256 0.134751 -0.235719 0.465261 -0.267712 0.945123 -0.920835 0.802373 -0.657806 0.210636 -0.163818 0.685064 -0.50763 -0.937955 -0.587528 0.588047 -0.167002 -0.216371 -0.31209 -0.711418 0.892395 0.951835 0.38707 0.963414 0.3522 0.142883 0.323231 0.397218 -0.809142 0.653104 0.633304 -0.976829 0.240633 -0.352937 0.277119 -0.418762 0.686778 -0.241768 -0.149298 


Seed: 1367231290
Fitness: 1.89953
Generations: 50
-0.748956 0.505951 0.101847 -0.946788 -0.661344 0.311019 -0.0800394 -0.967553 -0.981816 -0.842221 -0.915778 -0.597107 -0.761817 0.347151 -0.258409 0.825961 0.39944 0.0948021 -0.409288 -0.649356 -0.213235 -0.606842 0.217056 -0.646331 0.0312032 0.36467 0.588234 -0.715217 -0.89517 -0.738553 0.569861 0.125898 0.726915 0.731462 0.255401 0.0263323 -0.149676 -0.313673 0.234362 -0.0203265 0.532625 -0.364115 0.537925 -0.7174 -0.656758 0.0997732 -0.30652 


Seed: 1367232000
Fitness: 1.46989
Generations: 50
0.20902 0.0314033 0.965538 -0.0982779 -0.449062 0.551959 0.269824 -0.331585 0.787986 -0.195201 -0.335994 0.986496 0.786723 0.229201 0.385242 0.836826 0.783436 0.154722 0.539329 -0.0548608 0.129171 0.629399 0.714066 -0.21552 0.770289 0.000893018 -0.364431 0.899211 -0.751729 -0.500616 -0.468352 0.542575 0.727863 -0.954782 -0.412055 -0.417725 0.11888 -0.317988 -0.117949 0.881403 0.510465 0.295329 -0.711991 -0.553007 -0.441262 0.686127 -0.3792 


Seed: 1367232711
Fitness: 1.31788
Generations: 50
0.166167 0.566711 0.152878 0.0547692 -0.842172 0.876152 0.463566 -0.735658 -0.978149 0.380277 -0.749304 -0.712993 -0.706776 -0.284626 -0.910497 0.818309 0.69422 -0.297448 -0.106402 0.751585 -0.634099 0.406917 0.991194 -0.887935 0.336243 0.381059 0.262563 -0.545519 -0.0497121 0.870087 0.213335 -0.133023 -0.84498 -0.255175 -0.425681 -0.522415 0.473665 0.929059 -0.691706 0.57703 0.437238 -0.246889 0.603283 -0.522047 -0.07352 -0.30073 -0.232616 


Seed: 1367233422
Fitness: 1.26943
Generations: 50
-0.441215 -0.638756 -0.16305 0.0632092 -0.178886 -0.948321 0.395379 0.857426 -0.16944 -0.127756 -0.00390122 -0.10778 -0.693303 -0.865481 0.892042 -0.271667 0.080118 -0.771637 0.934086 -0.846001 0.245082 0.318698 0.41025 0.0428215 0.35561 -0.370629 -0.192432 -0.986548 -0.30071 0.946138 -0.822119 -0.422601 0.627799 0.265334 0.570782 -0.540289 -0.71512 -0.501035 -0.557348 0.715056 -0.0708708 0.75406 0.820641 0.158993 -0.281174 -0.579313 0.384389 


Seed: 1367234132
Fitness: 1.40488
Generations: 50
-0.0778679 0.61327 -0.907159 0.800067 0.869285 0.394915 -0.305298 0.802568 0.484408 0.43357 0.199728 0.374833 0.814872 -0.450668 -0.179396 0.159531 0.10349 0.233587 -0.368166 0.839961 -0.791513 0.35268 -0.494372 -0.709356 0.373316 -0.245623 0.236575 -0.552298 0.974155 -0.0245861 -0.313545 0.897856 0.401336 0.0938869 -0.681636 0.0919186 -0.591371 0.128832 -0.0600159 -0.844726 0.0740943 -0.32848 -0.793827 -0.629791 0.760253 -0.0606927 -0.12631 


Seed: 1367234843
Fitness: 1.20417
Generations: 50
-0.706921 -0.835956 -0.793067 0.0864832 0.483937 -0.20335 -0.193521 0.487403 -0.581021 -0.173265 0.0939177 -0.115782 0.853931 -0.711296 -0.00788295 0.965967 0.443805 0.110201 0.294928 0.46322 -0.0877266 0.814499 -0.184672 -0.0747122 0.454376 -0.164485 0.441078 -0.866269 -0.938773 0.293889 -0.532239 -0.551162 -0.238841 -0.0689984 0.0178841 0.585176 -0.55157 -0.514672 -0.508391 0.246146 0.364452 0.489429 -0.219458 -0.958806 0.449626 -0.112975 -0.00117971 


Seed: 1367235555
Fitness: 2.2703
Generations: 50
-0.483908 0.194572 0.298199 0.47782 0.823549 0.216284 0.137904 0.770284 -0.00470411 -0.14735 -0.922926 0.781853 0.888801 0.120949 0.189568 0.386766 0.730855 0.540692 0.569545 -0.00306919 -0.217451 -0.326336 -0.197308 0.524082 -0.224133 0.452973 0.830687 -0.877584 -0.240624 -0.857153 0.605816 -0.885495 0.179779 0.118848 0.382837 -0.278301 -0.236414 -0.898054 0.897344 -0.376998 0.234092 -0.434557 -0.172811 -0.39678 0.461942 0.686872 0.0625542 


