Neural Network 0:
-0.707709, -0.35986, 0.705328, -0.0954015, -0.619644, 0.699579, 0.66846, -0.86323, 0.999187, -0.211284, -0.235846, 0.302153, -0.468178, 0.0751911, 0.403139, 0.227216, 0.505407, 0.765142, -0.999474, -0.897732, -0.885444, -0.8028, 0.45505, -0.525866, 0.195395, 0.893191, -0.424042, 0.717491, -0.458319, 0.0743166


Neural Network 1:
0.855138, -0.66236, -0.159218, -0.0546188, -0.640483, -0.479194, 0.49409, -0.867474, 0.588464, -0.794621, -0.811639, 0.476217, -0.40896, -0.665341, 0.344555, -0.108629, -0.101753, -0.388859, 0.587988, -0.133769, -0.490499, 0.54556, 0.306664, -0.163939, 0.599678, -0.398538, 0.0311892, 0.153026, -0.385064, -0.41305


Neural Network 0:
-0.568836, -0.569681, 0.334781, -0.910464, -0.902754, -0.399543, 0.0945043, -0.392398, -0.677449, -0.863273, -0.0671058, -0.772658, 0.0787617, -0.859671, -0.14264, 0.0955521, -0.831512, -0.306233, -0.138672, 0.481729, 0.251401, -0.862106, 0.858018, -0.70108, 0.717477, 0.222602, 0.403008, -0.188498, 0.252968, 0.0624793


Neural Network 1:
-0.412925, 0.462164, -0.827935, 0.307628, -0.947465, -0.490749, -0.678349, 0.127849, -0.647005, -0.0217445, -0.128007, 0.862729, -0.759496, 0.301459, -0.779348, 0.598747, -0.512174, -0.440985, 0.998712, -0.347579, -0.713229, -0.504903, -0.825188, -0.736758, -0.0276753, 0.174392, 0.274847, -0.19574, -0.265751, -0.291668


Neural Network 0:
0.172613, -0.177167, -0.796793, 0.566248, -0.12687, 0.0245932, 0.449055, -0.954534, -0.693883, -0.319322, -0.669588, -0.606327, -0.276276, 0.189564, 0.0171293, -0.575811, 0.793572, 0.0286769, 0.271865, 0.746463, -0.614541, 0.139528, -0.77328, -0.769701, -0.0759522, 0.783558, 0.183787, -0.99809, 0.813871, 0.526237


Neural Network 1:
-0.652143, 0.455452, 0.558759, 0.589125, -0.381966, -0.394209, -0.511582, 0.757114, 0.296008, 0.562169, 0.931493, -0.385737, 0.587472, -0.944518, -0.118078, 0.844058, 0.0824197, -0.807391, -0.94981, -0.167729, -0.473668, 0.373909, -0.849197, -0.45444, -0.121011, -0.836498, 0.141964, -0.990048, -0.468558, -0.847547


Neural Network 0:
-0.568836, -0.569681, 0.334781, -0.910464, -0.902754, -0.399543, 0.0945043, -0.392398, -0.677449, -0.863273, -0.0671058, -0.772658, 0.0787617, -0.859671, -0.14264, 0.0955521, -0.831512, -0.306233, -0.138672, 0.481729, 0.251401, -0.862106, 0.858018, -0.70108, 0.717477, 0.222602, 0.403008, -0.188498, 0.252968, 0.0624793


Neural Network 1:
-0.412925, 0.462164, -0.827935, 0.307628, -0.947465, -0.490749, -0.678349, 0.127849, -0.647005, -0.0217445, -0.128007, 0.862729, -0.759496, 0.301459, -0.779348, 0.598747, -0.512174, -0.440985, 0.998712, -0.347579, -0.713229, -0.504903, -0.825188, -0.736758, -0.0276753, 0.174392, 0.274847, -0.19574, -0.265751, -0.291668


Neural Network 0:
-0.937532, -0.469639, 0.676126, 0.94499, 0.356594, 0.129834, -0.763405, -0.688937, -0.342717, 0.435524, -0.347036, 0.413918, -0.383608, 0.64804, -0.0487416, 0.205801, 0.026733, 0.43624, 0.0856845, 0.935198, -0.414248, -0.724306, 0.553145, 0.320461, 0.79822, 0.256003


Neural Network 1:
0.429518, -0.407699, 0.217829, 0.446364, -0.484086, 0.466771, -0.193874, -0.273236, -0.964668, -0.541816, -0.638014, 0.418869, 0.961017, -0.785586, 0.349186, 0.0481794, -0.892366, 0.53615, 0.369893, 0.701283, 0.468215, -0.480463, -0.51093, 0.297824, 0.58999, 0.0668297


Neural Network 0:
-0.159218, -0.0843777, -0.164559, -0.479517, -0.296826, 0.926985, 0.687262, -0.609186, 0.662684, 0.476217, -0.569778, 0.504746, 0.344555, 0.157093, 0.57505, 0.0768905, 0.442706, 0.52371, -0.823647, -0.75724, 0.644379, 0.71969, 0.737329, -0.425422, 0.279223, 0.0266897


Neural Network 1:
-0.39337, -0.41305, 0.862262, -0.459878, -0.261749, -0.49551, -0.830591, -0.0944595, -0.961865, -0.585143, 0.284951, -0.246834, 0.325686, -0.398371, -0.977028, -0.917458, -0.88051, -0.489072, 0.253256, 0.383425, -0.392428, -0.514389, 0.943354, -0.00983928, -0.74953, 0.278561


Neural Network 0:
-0.159218, -0.0843777, -0.164559, -0.479517, -0.296826, 0.926985, 0.687262, -0.609186, 0.662684, 0.476217, -0.569778, 0.504746, 0.344555, 0.157093, 0.57505, 0.0768905, 0.442706, 0.52371, -0.823647, -0.75724, 0.644379, 0.71969, 0.737329, -0.425422, 0.279223, 0.0266897


Neural Network 1:
-0.39337, -0.41305, 0.862262, -0.459878, -0.261749, -0.49551, -0.830591, -0.0944595, -0.961865, -0.585143, 0.284951, -0.246834, 0.325686, -0.398371, -0.977028, -0.917458, -0.88051, -0.489072, 0.253256, 0.383425, -0.392428, -0.514389, 0.943354, -0.00983928, -0.74953, 0.278561


Neural Network 0:
-0.159218, -0.0843777, -0.164559, -0.479517, -0.296826, 0.926985, 0.687262, -0.609186, 0.662684, 0.476217, -0.569778, 0.504746, 0.344555, 0.157093, 0.57505, 0.0768905, 0.442706, 0.52371, -0.823647, -0.75724, 0.644379, 0.71969, 0.737329, -0.425422, 0.279223, 0.0266897


Neural Network 1:
-0.39337, -0.41305, 0.862262, -0.459878, -0.261749, -0.49551, -0.830591, -0.0944595, -0.961865, -0.585143, 0.284951, -0.246834, 0.325686, -0.398371, -0.977028, -0.917458, -0.88051, -0.489072, 0.253256, 0.383425, -0.392428, -0.514389, 0.943354, -0.00983928, -0.74953, 0.278561


Neural Network 0:
-0.159218, -0.0843777, -0.164559, -0.479517, -0.296826, 0.926985, 0.687262, -0.609186, 0.662684, 0.476217, -0.569778, 0.504746, 0.344555, 0.157093, 0.57505, 0.0768905, 0.442706, 0.52371, -0.823647, -0.75724, 0.644379, 0.71969, 0.737329, -0.425422, 0.279223, 0.0266897


Neural Network 1:
-0.39337, -0.41305, 0.862262, -0.459878, -0.261749, -0.49551, -0.830591, -0.0944595, -0.961865, -0.585143, 0.284951, -0.246834, 0.325686, -0.398371, -0.977028, -0.917458, -0.88051, -0.489072, 0.253256, 0.383425, -0.392428, -0.514389, 0.943354, -0.00983928, -0.74953, 0.278561


Neural Network 0:
-0.159218, -0.0843777, -0.164559, -0.479517, -0.296826, 0.926985, 0.687262, -0.609186, 0.662684, 0.476217, -0.569778, 0.504746, 0.344555, 0.157093, 0.57505, 0.0768905, 0.442706, 0.52371, -0.823647, -0.75724, 0.644379, 0.71969, 0.737329, -0.425422, 0.279223, 0.0266897


Neural Network 1:
-0.39337, -0.41305, 0.862262, -0.459878, -0.261749, -0.49551, -0.830591, -0.0944595, -0.961865, -0.585143, 0.284951, -0.246834, 0.325686, -0.398371, -0.977028, -0.917458, -0.88051, -0.489072, 0.253256, 0.383425, -0.392428, -0.514389, 0.943354, -0.00983928, -0.74953, 0.278561


Neural Network 0:
-0.159218, -0.0843777, -0.164559, -0.479517, -0.296826, 0.926985, 0.687262, -0.609186, 0.662684, 0.476217, -0.569778, 0.504746, 0.344555, 0.157093, 0.57505, 0.0768905, 0.442706, 0.52371, -0.823647, -0.75724, 0.644379, 0.71969, 0.737329, -0.425422, 0.279223, 0.0266897


Neural Network 1:
-0.39337, -0.41305, 0.862262, -0.459878, -0.261749, -0.49551, -0.830591, -0.0944595, -0.961865, -0.585143, 0.284951, -0.246834, 0.325686, -0.398371, -0.977028, -0.917458, -0.88051, -0.489072, 0.253256, 0.383425, -0.392428, -0.514389, 0.943354, -0.00983928, -0.74953, 0.278561


Neural Network 0:
-0.159218, -0.0843777, -0.164559, -0.479517, -0.296826, 0.926985, 0.687262, -0.609186, 0.662684, 0.476217, -0.569778, 0.504746, 0.344555, 0.157093, 0.57505, 0.0768905, 0.442706, 0.52371, -0.823647, -0.75724, 0.644379, 0.71969, 0.737329, -0.425422, 0.279223, 0.0266897


Neural Network 1:
-0.39337, -0.41305, 0.862262, -0.459878, -0.261749, -0.49551, -0.830591, -0.0944595, -0.961865, -0.585143, 0.284951, -0.246834, 0.325686, -0.398371, -0.977028, -0.917458, -0.88051, -0.489072, 0.253256, 0.383425, -0.392428, -0.514389, 0.943354, -0.00983928, -0.74953, 0.278561


Neural Network 0:
-0.159218, -0.0843777, -0.164559, -0.479517, -0.296826, 0.926985, 0.687262, -0.609186, 0.662684, 0.476217, -0.569778, 0.504746, 0.344555, 0.157093, 0.57505, 0.0768905, 0.442706, 0.52371, -0.823647, -0.75724, 0.644379, 0.71969, 0.737329, -0.425422, 0.279223, 0.0266897


Neural Network 1:
-0.39337, -0.41305, 0.862262, -0.459878, -0.261749, -0.49551, -0.830591, -0.0944595, -0.961865, -0.585143, 0.284951, -0.246834, 0.325686, -0.398371, -0.977028, -0.917458, -0.88051, -0.489072, 0.253256, 0.383425, -0.392428, -0.514389, 0.943354, -0.00983928, -0.74953, 0.278561


Neural Network 0:
-0.159218, -0.0843777, -0.164559, -0.479517, -0.296826, 0.926985, 0.687262, -0.609186, 0.662684, 0.476217, -0.569778, 0.504746, 0.344555, 0.157093, 0.57505, 0.0768905, 0.442706, 0.52371, -0.823647, -0.75724, 0.644379, 0.71969, 0.737329, -0.425422, 0.279223, 0.0266897


Neural Network 1:
-0.39337, -0.41305, 0.862262, -0.459878, -0.261749, -0.49551, -0.830591, -0.0944595, -0.961865, -0.585143, 0.284951, -0.246834, 0.325686, -0.398371, -0.977028, -0.917458, -0.88051, -0.489072, 0.253256, 0.383425, -0.392428, -0.514389, 0.943354, -0.00983928, -0.74953, 0.278561


Neural Network 0:
-0.159218, -0.0843777, -0.164559, -0.479517, -0.296826, 0.926985, 0.687262, -0.609186, 0.662684, 0.476217, -0.569778, 0.504746, 0.344555, 0.157093, 0.57505, 0.0768905, 0.442706, 0.52371, -0.823647, -0.75724, 0.644379, 0.71969, 0.737329, -0.425422, 0.279223, 0.0266897


Neural Network 1:
-0.39337, -0.41305, 0.862262, -0.459878, -0.261749, -0.49551, -0.830591, -0.0944595, -0.961865, -0.585143, 0.284951, -0.246834, 0.325686, -0.398371, -0.977028, -0.917458, -0.88051, -0.489072, 0.253256, 0.383425, -0.392428, -0.514389, 0.943354, -0.00983928, -0.74953, 0.278561


Neural Network 0:
-0.159218, -0.0843777, -0.164559, -0.479517, -0.296826, 0.926985, 0.687262, -0.609186, 0.662684, 0.476217, -0.569778, 0.504746, 0.344555, 0.157093, 0.57505, 0.0768905, 0.442706, 0.52371, -0.823647, -0.75724, 0.644379, 0.71969, 0.737329, -0.425422, 0.279223, 0.0266897


Neural Network 1:
-0.39337, -0.41305, 0.862262, -0.459878, -0.261749, -0.49551, -0.830591, -0.0944595, -0.961865, -0.585143, 0.284951, -0.246834, 0.325686, -0.398371, -0.977028, -0.917458, -0.88051, -0.489072, 0.253256, 0.383425, -0.392428, -0.514389, 0.943354, -0.00983928, -0.74953, 0.278561


Neural Network 0:
-0.159218, -0.0843777, -0.164559, -0.479517, -0.296826, 0.926985, 0.687262, -0.609186, 0.662684, 0.476217, -0.569778, 0.504746, 0.344555, 0.157093, 0.57505, 0.0768905, 0.442706, 0.52371, -0.823647, -0.75724, 0.644379, 0.71969, 0.737329, -0.425422, 0.279223, 0.0266897


Neural Network 1:
-0.39337, -0.41305, 0.862262, -0.459878, -0.261749, -0.49551, -0.830591, -0.0944595, -0.961865, -0.585143, 0.284951, -0.246834, 0.325686, -0.398371, -0.977028, -0.917458, -0.88051, -0.489072, 0.253256, 0.383425, -0.392428, -0.514389, 0.943354, -0.00983928, -0.74953, 0.278561


Neural Network 0:
-0.159218, -0.0843777, -0.164559, -0.479517, -0.296826, 0.926985, 0.687262, -0.609186, 0.662684, 0.476217, -0.569778, 0.504746, 0.344555, 0.157093, 0.57505, 0.0768905, 0.442706, 0.52371, -0.823647, -0.75724, 0.644379, 0.71969, 0.737329, -0.425422, 0.279223, 0.0266897


Neural Network 1:
-0.39337, -0.41305, 0.862262, -0.459878, -0.261749, -0.49551, -0.830591, -0.0944595, -0.961865, -0.585143, 0.284951, -0.246834, 0.325686, -0.398371, -0.977028, -0.917458, -0.88051, -0.489072, 0.253256, 0.383425, -0.392428, -0.514389, 0.943354, -0.00983928, -0.74953, 0.278561


Neural Network 0:
-0.15196, -0.0841594, 0.145618, -0.727776, -0.437899, 0.885782, 0.0448691, -0.105759, -0.84824, 0.644132, -0.539851, 0.543294, -0.45907, -0.472404, 0.644018, 0.953227, -0.398151, 0.433407, -0.0597525, -0.453408, 0.363067, 0.0599955, -0.187444, -0.0831804, -0.883013, 0.155473


Neural Network 1:
-0.447034, -0.62531, 0.144903, -0.156585, 0.433569, -0.7077, -0.746532, -0.0482766, 0.264022, 0.78514, -0.414013, 0.585896, 0.820807, -0.472548, -0.807412, -0.704625, -0.622225, 0.182554, -0.925941, 0.625338, 0.426626, 0.355443, 0.0744063, 0.0810874, 0.480051, -0.740888


Neural Network 0:
-0.434058, 0.813514, -0.368724, -0.793163, 0.0267818, -0.434758, -0.252021, -0.125447, -0.996935, 0.777971, -0.393653, -0.593605, 0.364194, -0.441736, -0.565805, -0.28453, 0.902767, 0.0402455, 0.579048, -0.567059, 0.868632, 0.275824, -0.511546, -0.0449463, 0.962812, 0.235597


Neural Network 1:
-0.765306, -0.253011, -0.964671, -0.423101, -0.143857, -0.935598, -0.226299, 0.567198, 0.495533, -0.110325, -0.756983, 0.266457, -0.81646, 0.919005, -0.894567, -0.94484, -0.943933, -0.566559, -0.696394, 0.0951528, 0.934467, 0.755497, -0.871742, 0.117804, 0.304166, 0.873176


Neural Network 0:
0.724524, -0.495809, -0.704497, -0.931259, 0.770733, -0.519059, -0.466323, -0.836607, -0.438458, -0.275708, -0.988281, 0.668159, 0.772943, -0.793275, -0.729245, -0.793336, -0.399801, 0.0015636, -0.667888, 0.672489, 0.4476, -0.265675, 0.904237, -0.429372, 0.946779, -0.00171739


Neural Network 1:
0.454816, 0.200223, 0.764874, 0.367581, 0.395496, -0.701198, -0.917617, 0.358907, 0.656914, 0.766263, 0.698096, -0.361011, -0.087895, -0.57591, 0.219802, 0.166569, -0.540542, -0.230033, -0.416615, -0.55291, 0.837871, -0.159491, 0.505232, 0.415338, -0.0386782, -0.803084


Neural Network 0:
-0.205455, -0.241864, 0.0592452, -0.429758, 0.176604, -0.580566, 0.789463, 0.309401, 0.0270781, -0.661735, -0.552657, -0.264027, -0.622308, 0.319974, -0.733392, 0.557463, -0.562623, 0.180154, -0.746198, -0.830116, -0.243063, -0.714867, 0.829856, 0.939417, 0.0699747, 0.128505


Neural Network 1:
0.524323, 0.305377, -0.430084, -0.0291138, -0.453636, 0.0587803, 0.636337, -0.717659, 0.018249, 0.154564, -0.435951, 0.86192, 0.605116, -0.924596, 0.107214, 0.155641, -0.089251, 0.830441, -0.734549, 0.829419, -0.9887, 0.86148, 0.341914, 0.666935, -0.834316, -0.862821


Neural Network 0:
0.239, -0.499638, -0.358652, 0.0356604, 0.0167818, 0.200831, -0.221434, -0.600571, -0.475875, -0.269216, 0.888942, -0.103034, 0.747918, 0.872722, 0.0460322, -0.116691, -0.385523, -0.693497, -0.701898, 0.00148974, 0.54923, -0.868755, 0.88423, 0.642853, -0.775549, 0.136938


Neural Network 1:
0.912392, 0.268768, 0.944043, 0.426539, 0.404417, 0.746675, -0.0442971, 0.70791, -0.967638, 0.425539, 0.96455, 0.883334, -0.623156, -0.943732, -0.767408, -0.781708, -0.40708, -0.516488, -0.513386, -0.694978, 0.331071, -0.717555, -0.677586, -0.320075, 0.68428, -0.762509


Neural Network 0:
-0.684227, 0.81938, 0.244423, -0.1837, 0.273903, -0.314963, -0.100597, -0.100887, -0.356878, 0.856679, 0.572893, 0.0279959, 0.910185, -0.145558, -0.718096, 0.582048, -0.729382, 0.258554, 0.460951, 0.915487, 0.879411, 0.981955, -0.712677, -0.922059, -0.820067, 0.22013


Neural Network 1:
-0.745355, 0.696785, -0.105568, 0.415084, -0.505253, 0.762832, 0.239719, 0.00560581, -0.493556, -0.717324, 0.403009, -0.963758, -0.2005, 0.955852, -0.198401, 0.866461, 0.0703371, -0.0817536, 0.659663, 0.0326323, 0.709225, -0.971251, 0.422165, 0.411667, 0.211649, -0.464916


Neural Network 0:
-0.285191, -0.814977, -0.746515, 0.906054, -0.0954773, -0.682773, -0.622429, 0.56022, -0.562057, -0.376904, -0.773192, 0.303852, 0.512253, 0.27059, 0.846981, -0.235044, -0.903693, -0.318379, -0.657369, -0.682173, 0.729504, 0.373003, 0.313262, 0.737499, 0.678874, -0.806338


Neural Network 1:
0.701291, 0.9254, -0.970988, 0.12237, -0.0738173, -0.58239, 0.0292316, -0.235927, -0.247144, 0.97876, 0.80989, 0.184373, -0.406932, -0.998177, -0.119323, -0.612164, -0.083184, 0.178156, -0.894461, -0.0327809, 0.433052, 0.911881, 0.231482, 0.175154, 0.162558, 0.726887


Neural Network 0:
-0.740473, -0.220786, -0.627549, 0.305813, 0.329047, -0.587453, 0.67617, -0.146296, -0.843623, -0.24363, -0.208118, 0.0483215, 0.149319, -0.113475, -0.697428, 0.994618, 0.993454, -0.963714, -0.866498, -0.748694, -0.48253, -0.267105, 0.139157, -0.629333, 0.0387014, -0.34425


Neural Network 1:
-0.143206, 0.809737, -0.658637, 0.0303147, 0.879194, 0.701982, 0.102493, -0.216593, 0.898796, -0.73218, 0.0665464, 0.473766, -0.678605, 0.420874, 0.967499, 0.436282, 0.0748485, -0.422838, -0.402896, -0.756361, -0.162455, 0.519923, -0.620444, 0.906002, -0.826456, 0.329221


Neural Network 0:
0.649556, -0.397745, 0.330619, -0.876359, 0.49357, 0.093644, 0.081365, -0.848426, 0.458438, -0.355933, -0.591289, 0.624272, 0.226684, -0.468886, -0.240733, -0.508837, 0.658885, 0.16509, -0.70939, 0.121358, 0.722998, 0.871631, -0.219944, 0.387342, 0.175306, 0.774723


Neural Network 1:
-0.333151, 0.171754, 0.821722, -0.858942, 0.0631674, 0.947394, -0.056178, -0.900692, 0.935556, -0.338312, -0.529958, 0.475044, -0.659768, 0.746088, 0.582453, -0.501323, 0.74959, 0.681871, -0.69559, -0.0113839, 0.0684676, -0.897957, -0.999379, -0.244969, 0.559316, -0.625491


Neural Network 0:
0.680017, -0.719944, 0.763712, 0.147401, -0.675165, 0.737714, 0.0965321, 0.907235, -0.479147, 0.574811, -0.966885, -0.119028, 0.736328, 0.150072, -0.435615, 0.767945, -0.550316, 0.14793, -0.00308928, -0.449461, 0.728427, 0.0653415, -0.713356, -0.694269, -0.68736, 0.771852


Neural Network 1:
-0.00734357, 0.292339, 0.824378, 0.239638, -0.90385, 0.680807, -0.0877462, -0.107503, 0.32272, 0.127206, -0.690831, 0.733533, -0.214102, -0.117817, -0.97575, -0.699205, -0.184669, -0.120904, -0.961591, -0.801783, 0.553841, 0.12478, 0.820876, -0.388283, 0.844914, -0.394984


Neural Network 0:
0.631532, 0.348236, -0.981796, 0.737605, 0.741687, 0.0150083, 0.993843, 0.510827, -0.362419, 0.529841, 0.460443, 0.127642, -0.192972, 0.34198, -0.927971, 0.0127529, -0.865194, -0.929343, -0.259854, 0.778924, 0.82365, 0.577829, 0.836548, 0.733933, 0.0397764, 0.574563


Neural Network 1:
0.278357, -0.0547295, 0.060971, -0.583159, -0.521768, 0.767542, -0.233574, -0.425295, 0.821691, 0.876955, 0.245028, 0.636766, 0.590969, 0.601814, -0.683772, 0.466579, -0.255065, 0.102417, -0.760318, 0.437838, 0.562856, 0.0580901, 0.552888, -0.826521, 0.673843, -0.824493


Neural Network 0:
-0.206958, 0.938457, -0.451102, -0.81281, -0.779368, -0.681205, -0.738316, 0.594891, -0.723623, -0.0227931, -0.730995, -0.528932, -0.240192, 0.181103, 0.232175, -0.0473861, -0.389026, -0.0328355, 0.759795, -0.667792, 0.0833693, 0.250356, 0.577133, -0.39604, 0.0962968, 0.126678


Neural Network 1:
0.0294751, -0.674955, -0.243999, -0.487095, 0.146286, -0.106306, -0.499201, -0.877398, -0.474095, 0.532983, -0.337028, 0.820784, 0.443519, -0.704954, -0.670946, 0.799819, -0.134747, -0.555748, -0.49852, 0.527496, 0.438163, 0.381431, -0.429599, -0.804714, 0.562456, -0.469277


Neural Network 0:
-0.214166, -0.580551, -0.849842, -0.859403, 0.0862719, -0.646033, 0.286091, -0.436449, 0.792079, -0.602991, 0.402689, -0.123192, -0.391155, -0.799732, -0.446837, -0.0706087, -0.701767, 0.559134, 0.383749, -0.664961, 0.432824, 0.24156, -0.471141, 0.124441, -0.705979, 0.760722


Neural Network 1:
-0.302571, 0.754437, -0.228656, 0.779629, 0.165378, -0.638401, -0.524572, 0.0615237, -0.865773, 0.366085, 0.778488, 0.260889, -0.726006, 0.973982, 0.106641, 0.768769, -0.50296, -0.488143, -0.891456, -0.969529, 0.855448, 0.317271, -0.88945, 0.172787, 0.199221, 0.669276


Neural Network 0:
-0.163308, 0.577428, 0.119366, -0.68597, 0.421765, 0.812238, 0.331748, -0.0855404, -0.926697, 0.415623, -0.587219, 0.215338, 0.360542, 0.396023, -0.174092, -0.498632, 0.76138, 0.434064, 0.266875, -0.221769, -0.368881, 0.716733, -0.408075, 0.402169, -0.920308, -0.743784


Neural Network 1:
-0.224325, -0.629243, -0.3572, 0.328241, 0.715862, 0.641455, 0.451075, 0.161082, 0.777913, 0.352385, 0.77302, -0.463194, 0.0927538, -0.305892, -0.677548, 0.387164, -0.950979, 0.449255, 0.186225, -0.874028, 0.745008, -0.501716, -0.841012, -0.417728, 0.519365, 0.67137


Neural Network 0:
-0.935844, -0.648319, -0.316394, 0.0908274, -0.75878, 0.341182, -0.504953, 0.457768, -0.698494, 0.567701, 0.577283, 0.930367, 0.507019, -0.516218, 0.524609, 0.433583, -0.132866, -0.162899, -0.35567, -0.553613, 0.402987, 0.625806, -0.532423, 0.0304915, 0.327148, 0.917197


Neural Network 1:
0.492572, -0.850626, -0.699899, 0.899997, -0.947899, 0.349369, -0.806775, 0.342739, 0.906027, -0.196098, 0.812376, 0.657281, -0.206765, -0.114403, 0.494559, 0.442228, 0.71531, 0.152108, -0.322866, 0.525675, -0.438143, -0.479164, 0.291138, -0.0319396, 0.46204, -0.587201


Neural Network 0:
0.189457, 0.544556, -0.762063, -0.0143559, -0.156385, 0.611076, 0.842212, -0.640074, 0.749542, -0.211255, -0.68225, 0.996053, 0.137535, -0.367927, 0.060924, -0.123493, -0.664382, -0.102796, -0.953839, -0.359353, -0.712398, 0.473694, 0.642656, -0.512259, 0.858201, 0.309173


Neural Network 1:
-0.275965, -0.248509, 0.855517, 0.745408, -0.612774, -0.0920367, 0.119321, -0.357433, -0.173907, -0.59476, 0.15889, -0.294977, -0.311087, 0.93362, -0.97557, 0.60563, -0.298686, 0.789907, 0.446287, 0.979293, -0.280954, 0.939323, -0.923598, 0.224985, 0.780009, -0.613596


Neural Network 0:
-0.206795, 0.370568, -0.278178, -0.951663, 0.410187, -0.690712, -0.904402, -0.138085, 0.948277, 0.66084, 0.24666, 0.813286, 0.858905, -0.726412, 0.217888, -0.54822, 0.88002, 0.0947136, 0.28552, -0.0395041, 0.185428, -0.865701, -0.594448, -0.805178, -0.219161, -0.628183


Neural Network 1:
-0.611537, 0.0639931, -0.281246, -0.891902, 0.80999, 0.139283, 0.997632, -0.82493, 0.66576, -0.432508, -0.794693, -0.597625, 0.00749311, -0.262249, 0.425597, 0.651278, -0.525925, 0.365114, 0.684122, -0.504598, 0.662203, -0.920149, -0.641815, 0.849894, 0.00365459, 0.253067


Neural Network 0:
0.90645, 0.397453, 0.507708, -0.732463, -0.420205, 0.719246, 0.60523, -0.0687771, 0.564517, 0.297402, -0.831481, -0.146311, -0.579248, -0.2523, -0.603753, 0.867429, -0.501899, -0.611068, 0.299826, 0.439121, 0.713977, -0.404562, 0.432584, 0.690298, 0.343541, 0.142842


Neural Network 1:
0.319921, -0.456333, -0.38922, -0.184585, -0.0888511, 0.330154, 0.0191438, -0.272675, -0.473777, -0.460525, -0.375989, -0.0357033, 0.0127951, -0.944794, -0.8859, 0.821579, -0.615669, -0.697541, -0.240717, -0.33019, 0.60609, 0.886151, -0.347056, -0.0592198, -0.762258, -0.772313


Neural Network 0:
0.646413, 0.624143, 0.0936858, -0.532674, -0.0191558, 0.719992, 0.19601, -0.777394, -0.656638, 0.54008, 0.112114, 0.411569, 0.623229, -0.451029, -0.276882, -0.350708, -0.997417, -0.739543, 0.958673, 0.5359, 0.447358, 0.645017, 0.767737, 0.261527, 0.282996, 0.329796


Neural Network 1:
0.340859, -0.969556, -0.183369, 0.363595, 0.357361, 0.287718, -0.177576, 0.255114, -0.563489, 0.371214, 0.0131418, -0.320726, 0.0529063, -0.557772, 0.819678, -0.79558, -0.091897, -0.675958, -0.691566, -0.346868, 0.280606, 0.678813, -0.361728, -0.890149, 0.930398, -0.99035


Neural Network 0:
-0.23304, 0.923114, -0.342997, -0.65393, 0.314803, -0.904454, -0.151676, -0.656505, -0.682129, -0.50148, 0.499463, -0.221622, -0.398967, -0.826684, 0.72555, 0.0197859, -0.146462, -0.070729, -0.918303, -0.919094, 0.537265, 0.724975, 0.975278, 0.150002, 0.343024, 0.106025


Neural Network 1:
-0.424951, 0.771273, -0.858281, 0.265065, -0.382973, 0.965624, 0.489086, -0.643631, -0.537795, -0.127882, 0.759198, -0.203646, 0.759894, -0.693724, -0.862799, 0.571004, -0.517787, 0.520997, 0.881269, 0.0106621, 0.890278, 0.115128, -0.560538, 0.523071, -0.505431, -0.612646


Neural Network 0:
-0.876829, -0.436315, 0.570263, 0.0433162, 0.952779, -0.91476, 0.253668, -0.334529, 0.550024, -0.770936, -0.731585, -0.0856441, -0.301492, -0.0996525, -0.805428, 0.49195, -0.457157, -0.888846, 0.650187, -0.984513, 0.276973, 0.830426, 0.855746, -0.0169478, -0.972348, -0.523803


Neural Network 1:
0.395637, 0.100789, 0.79508, 0.164925, 0.30954, -0.558715, 0.424123, -0.112924, 0.317353, 0.600039, -0.383524, -0.733835, 0.158361, -0.282364, 0.981828, -0.551285, -0.171465, -0.998762, -0.0414675, -0.771151, -0.125876, 0.915674, -0.248583, 0.445587, -0.508501, 0.293066


Neural Network 0:
-0.540683, 0.367969, 0.622843, 0.980963, -0.690581, -0.400225, -0.509718, -0.891798, 0.133757, 0.94715, -0.509998, -0.762495, -0.51846, 0.333206, 0.767987, -0.0743828, 0.20009, -0.938269, -0.461461, 0.586816, -0.657435, 0.720066, -0.629212, 0.368926, -0.0029513, 0.965998


Neural Network 1:
-0.45765, -0.336549, -0.279008, 0.846622, 0.315316, 0.509654, 0.8016, -0.805396, -0.618697, 0.713652, 0.838333, 0.815815, -0.505697, 0.252123, -0.00669321, -0.592105, -0.0733309, 0.506206, -0.59472, -0.633244, 0.310429, -0.267344, 0.568554, -0.0828214, -0.655481, -0.341333


Neural Network 0:
0.0343263, 0.700273, 0.370726, 0.13331, 0.385222, 0.0150403, -0.477917, -0.0646323, -0.877508, -0.277017, -0.527955, -0.367164, 0.764584, 0.19414, 0.732667, -0.580412, -0.0734763, -0.26974, 0.427549, 0.653361, 0.896452, -0.52512, -0.966373, 0.957293, -0.483835, -0.985759


Neural Network 1:
-0.0332589, -0.907235, -0.10054, -0.538091, 0.217152, 0.895411, -0.469492, -0.0273622, 0.747843, -0.634484, 0.364768, 0.237423, 0.814758, -0.557339, -0.158276, -0.00560219, -0.528475, -0.218754, -0.556624, 0.490387, 0.808028, 0.126571, 0.948078, -0.849856, -0.939983, -0.155907


Neural Network 0:
0.344526, 0.990329, 0.265673, 0.642471, -0.794286, 0.977852, 0.504247, 0.128881, -0.0571037, 0.285419, -0.471462, -0.954141, -0.740463, 0.478827, -0.148881, -0.203099, -0.863843, -0.305585, -0.196462, -0.196306, 0.108716, -0.439562, -0.149248, 0.103231, -0.314127, -0.992945


Neural Network 1:
0.222226, 0.637564, 0.0079329, -0.375152, -0.661239, 0.210979, 0.706533, -0.0781923, -0.819198, -0.857709, -0.238068, -0.495954, -0.916354, -0.830274, -0.783251, 0.61685, 0.328152, 0.214137, -0.786867, -0.820567, 0.695481, -0.0192581, 0.129727, 0.915167, 0.11893, 0.515057


Neural Network 0:
0.898096, -0.951656, 0.592524, 0.462307, -0.383599, 0.0964308, 0.775815, -0.995599, 0.508277, -0.956562, -0.879076, 0.504221, -0.47166, 0.261676, -0.256239, -0.960289, 0.00181556, -0.584096, -0.967888, -0.246472, 0.40018, -0.056803, 0.434542, -0.34566, 0.98461, 0.633946


Neural Network 1:
-0.623948, 0.799466, 0.0822746, 0.141572, -0.150844, -0.413927, -0.64546, -0.613556, 0.803819, -0.777414, -0.194648, -0.0397324, 0.945934, 0.224189, -0.0795853, 0.801791, -0.465683, 0.572984, 0.105354, -0.38015, 0.898346, -0.170091, -0.312789, 0.784773, -0.425706, -0.65781


Neural Network 0:
0.619694, -0.557731, 0.797181, -0.774568, -0.0334795, 0.827203, -0.11653, 0.845777, 0.0505708, 0.0999014, 0.910606, 0.0679832, 0.746855, 0.144511, -0.526145, -0.0650533, -0.383765, -0.844341, 0.464409, 0.710589, -0.385322, -0.700133, 0.695801, -0.236479, -0.291445, -0.340989


Neural Network 1:
-0.409426, 0.538306, -0.173957, -0.0458008, 0.722111, 0.831622, -0.434861, 0.373072, -0.79441, 0.82152, 0.768685, 0.59203, 0.147293, -0.501892, -0.62272, 0.406737, -0.908431, 0.482346, -0.884038, -0.248519, 0.456249, -0.825218, -0.644291, -0.375123, 0.214438, -0.937185


Neural Network 0:
-0.357481, -0.969438, -0.184103, -0.189096, -0.104448, -0.850251, -0.694385, -0.559678, 0.0681722, 0.55879, -0.706778, 0.247654, 0.791307, -0.133874, 0.645083, 0.972989, -0.974068, -0.601609, 0.660327, -0.356784, 0.867047, 0.81038, 0.748106, 0.529189, -0.504006, -0.126862


Neural Network 1:
-0.153869, 0.300003, -0.415197, -0.383389, -0.365373, 0.643024, -0.703742, 0.436245, -0.529483, -0.585148, 0.387444, 0.906604, 0.157996, -0.939555, -0.994296, -0.319518, 0.543368, 0.057266, 0.725428, -0.975665, 0.729039, 0.808307, -0.507322, -0.858819, -0.850654, -0.45401


Neural Network 0:
-0.624287, -0.969527, 0.173905, 0.385472, -0.985809, -0.102406, 0.982996, 0.61722, -0.692715, -0.290772, -0.226586, 0.479914, -0.596106, 0.187829, -0.97639, 0.487814, 0.0793706, -0.974603, -0.732544, -0.241846, -0.915814, -0.0106808, -0.261486, -0.64721, -0.722384, 0.913316


Neural Network 1:
0.233826, -0.313557, 0.452082, -0.494275, -0.764891, -0.819522, -0.317474, -0.32357, 0.173956, -0.103526, -0.0826983, -0.870239, -0.529283, 0.33625, -0.380809, -0.252521, 0.103189, -0.885709, 0.580981, 0.689734, 0.961042, -0.785915, 0.951689, -0.973664, 0.0481037, 0.705978


Neural Network 0:
-0.948474, 0.330931, -0.184144, -0.661571, 0.154075, -0.481111, -0.747263, 0.203049, -0.529676, -0.506267, 0.891711, -0.0678863, -0.413894, -0.289941, -0.848751, -0.273375, -0.763057, 0.775101, 0.761841, -0.865421, 0.94634, 0.000764678, 0.472237, -0.673643, -0.060974, -0.348935


Neural Network 1:
-0.305245, 0.0733143, -0.78166, -0.433267, 0.0976792, -0.526809, -0.0896598, 0.378105, -0.483725, 0.559354, 0.440787, -0.511155, 0.859185, -0.0292388, 0.890584, -0.568034, -0.0427519, -0.297724, 0.833827, 0.0785107, -0.406726, 0.654372, 0.717209, 0.615011, -0.304693, 0.821251


Neural Network 0:
0.313304, 0.0140068, -0.181122, -0.176312, 0.843278, -0.1311, -0.341615, 0.305424, 0.296335, 0.633551, -0.364801, 0.799089, 0.495769, -0.0859174, 0.946976, -0.793352, -0.0257918, -0.478772, -0.400323, -0.916759, 0.9725, 0.829969, -0.700218, -0.127319, -0.892116, 0.0181266


Neural Network 1:
0.334525, 0.361433, -0.552446, 0.152857, -0.438456, -0.620806, 0.700537, 0.728017, 0.380854, 0.960222, 0.726319, -0.442145, 0.434952, 0.907364, -0.656476, 0.0267897, 0.85141, -0.573688, -0.596368, 0.620752, 0.802, -0.827551, -0.638198, -0.939624, -0.215779, 0.100211


Neural Network 0:
0.232354, 0.523859, 0.933315, 0.881402, 0.654373, -0.377607, -0.0844361, 0.696389, -0.682901, 0.0164767, 0.475716, 0.700128, -0.535326, 0.994323, -0.961812, -0.56083, 0.114502, -0.413344, -0.544794, -0.633817, 0.686219, 0.0770729, 0.397624, -0.168779, 0.205101, -0.830018


Neural Network 1:
0.0568594, 0.0879911, 0.955478, -0.999845, -0.453058, 0.932251, -0.692198, -0.725282, -0.152283, -0.130609, -0.816814, -0.469234, 0.59942, -0.838113, -0.461296, 0.678821, 0.403133, -0.798729, 0.839802, 0.837812, 0.972887, 0.271634, -0.977577, -0.966674, 0.141583, 0.348893


Neural Network 0:
0.00225408, -0.207124, -0.656072, -0.382705, -0.21849, 0.488651, -0.832971, -0.653531, -0.968904, 0.495344, -0.172979, 0.287004, -0.882345, 0.0503376, -0.659694, 0.501625, 0.513045, 0.0229015, -0.433706, 0.231241, 0.625492, 0.619038, -0.472927, -0.532526, -0.981179, -0.953841


Neural Network 1:
0.816843, -0.249942, -0.0813723, 0.744045, -0.366733, -0.318236, 0.32039, -0.581213, 0.635326, -0.891517, 0.508839, 0.396345, 0.345221, -0.749134, -0.333766, -0.960809, -0.0165005, 0.659691, 0.705932, -0.196526, -0.616728, -0.971891, -0.153217, -0.872653, -0.0259081, 0.392614


Neural Network 0:
-0.581809, -0.423602, -0.275286, 0.722152, 0.775448, 0.581368, 0.176213, -0.418995, 0.606514, -0.143371, 0.401822, 0.199577, -0.781985, 0.992863, 0.637482, 0.0174301, 0.636993, -0.104038, -0.00369088, -0.22008, -0.769467, -0.892197, -0.831551, 0.938771, 0.579216, 0.0754378


Neural Network 1:
-0.468459, -0.416545, 0.361252, 0.314795, -0.650573, 0.425843, -0.959833, 0.972724, -0.831365, 0.41692, -0.0484081, 0.333454, 0.43066, -0.763159, 0.453424, -0.235621, 0.784791, -0.125429, -0.0830125, -0.84067, 0.409542, 0.297291, -0.645171, 0.209715, -0.33654, -0.149303


